========== MODEL INFO ==========
Total Parameters: 2695320
Trainable Parameters: 2695320

TRAIN Accuracy: 0.8422
              precision    recall  f1-score   support

           0       0.81      0.97      0.88       889
           1       0.30      0.56      0.39       284
           2       0.94      0.84      0.89      2485
           3       0.96      0.83      0.89      6832
           4       0.50      0.81      0.62       867
           5       0.97      0.85      0.91      5262
           6       0.38      0.79      0.51       251
           7       0.99      0.85      0.91     10212
           8       0.71      0.89      0.79       671
           9       0.15      0.92      0.26       184
          10       0.47      0.86      0.61       941
          11       0.77      0.74      0.76      1709
          12       0.99      0.87      0.92      2754
          13       0.19      0.84      0.31       436
          14       0.82      0.86      0.84      2194
          15       0.80      0.89      0.84      3939
          16       0.88      0.90      0.89      2755
          17       0.93      0.81      0.87     10646
          18       0.59      0.88      0.71      1181
          19       0.97      0.80      0.87      3930
          20       0.88      0.84      0.86      4281
          21       0.92      0.81      0.86      3477
          22       0.99      0.90      0.95      3156
          23       0.40      0.91      0.56       664

    accuracy                           0.84     70000
   macro avg       0.72      0.84      0.75     70000
weighted avg       0.89      0.84      0.86     70000


VALIDATION Accuracy: 0.7983
              precision    recall  f1-score   support

           0       0.80      0.98      0.88       127
           1       0.10      0.20      0.14        41
           2       0.92      0.80      0.85       355
           3       0.93      0.79      0.86       976
           4       0.43      0.67      0.52       124
           5       0.94      0.79      0.86       752
           6       0.20      0.44      0.27        36
           7       0.99      0.84      0.91      1459
           8       0.64      0.77      0.70        96
           9       0.05      0.35      0.09        26
          10       0.34      0.66      0.45       135
          11       0.73      0.63      0.67       244
          12       0.98      0.90      0.94       393
          13       0.12      0.60      0.20        62
          14       0.72      0.74      0.73       313
          15       0.74      0.81      0.77       562
          16       0.82      0.89      0.85       394
          17       0.90      0.79      0.84      1521
          18       0.52      0.80      0.63       169
          19       0.98      0.79      0.87       561
          20       0.88      0.77      0.82       612
          21       0.89      0.75      0.81       496
          22       0.99      0.90      0.94       451
          23       0.29      0.78      0.43        95

    accuracy                           0.80     10000
   macro avg       0.66      0.73      0.67     10000
weighted avg       0.87      0.80      0.82     10000


TEST Accuracy: 0.8020
              precision    recall  f1-score   support

           0       0.81      0.98      0.89       254
           1       0.13      0.26      0.17        81
           2       0.91      0.78      0.84       710
           3       0.94      0.80      0.87      1952
           4       0.48      0.76      0.59       247
           5       0.94      0.81      0.87      1503
           6       0.26      0.54      0.35        71
           7       0.99      0.85      0.91      2917
           8       0.72      0.82      0.76       191
           9       0.07      0.42      0.12        53
          10       0.35      0.67      0.46       269
          11       0.67      0.66      0.67       488
          12       0.97      0.87      0.92       787
          13       0.12      0.56      0.20       125
          14       0.74      0.78      0.76       627
          15       0.73      0.82      0.77      1126
          16       0.84      0.87      0.86       787
          17       0.90      0.78      0.84      3042
          18       0.52      0.79      0.62       338
          19       0.96      0.79      0.87      1123
          20       0.83      0.78      0.80      1223
          21       0.90      0.80      0.85       994
          22       0.99      0.89      0.94       902
          23       0.28      0.74      0.41       190

    accuracy                           0.80     20000
   macro avg       0.67      0.74      0.68     20000
weighted avg       0.86      0.80      0.83     20000

